Data stolen from file: stoneThompson
The X-axis is linear from 60 to 140
The Y-axis is linear from 0 to 100

First curve = 11 pts
2nd and 3rd curve = 12 pts


 X-value	 Y-value
6.984e+01	1.622e+00
7.397e+01	5.431e+00
7.815e+01	1.652e+01
8.126e+01	2.937e+01
8.372e+01	4.251e+01
8.600e+01	5.442e+01
8.790e+01	6.481e+01
9.079e+01	7.766e+01
9.452e+01	9.054e+01
9.921e+01	9.771e+01
1.046e+02	1.001e+02
8.331e+01	6.200e-02
8.769e+01	1.760e+00
8.975e+01	3.664e+00
9.111e+01	8.873e+00
9.327e+01	1.654e+01
9.497e+01	2.601e+01
9.678e+01	4.033e+01
9.931e+01	6.104e+01
1.042e+02	9.094e+01
1.074e+02	9.593e+01
1.109e+02	9.971e+01
1.147e+02	9.987e+01
9.863e+01	3.974e-01
1.021e+02	3.877e+00
1.046e+02	6.404e+00
1.082e+02	1.625e+01
1.102e+02	2.088e+01
1.135e+02	3.587e+01
1.163e+02	4.932e+01
1.194e+02	6.672e+01
1.244e+02	8.633e+01
1.297e+02	9.595e+01
1.355e+02	9.922e+01
1.399e+02	1.000e+02
